junkus
1.00E+00    2.17E-01    3.05E-01    9.31E-02    -3.75E-02    1.06E-01    3.70E-01    3.92E-02    -4.51E-02    1.87E-01
2.17E-01    1.00E+00    6.25E-01    -4.92E-02    1.66E-01    0.1641    5.85E-01    -5.48E-02    -2.25E-02    0.6032
0.305    0.625    1    8.95E-02    1.71E-02    6.10E-02    0.6226    4.85E-02    -4.83E-02    0.6054
9.31E-02    -4.92E-02    8.95E-02    1    -0.7064    7.66E-02    0.2578    -9.27E-02    -5.37E-03    1.31E-02
-3.75E-02    0.1659    1.71E-02    -0.7064    1    -2.76E-02    -9.13E-02    5.77E-03    1.33E-02    9.28E-02
0.1064    0.1641    6.10E-02    7.66E-02    -2.76E-02    1    0.3019    -0.1062    -0.1981    0.1155
0.3702    0.5847    0.6226    0.2578    -9.13E-02    0.3019    1    -0.228    -2.81E-02    0.3965
3.92E-02    -5.48E-02    4.85E-02    -9.27E-02    5.77E-03    -0.1062    -0.228    1    -0.2603    -0.436
-4.51E-02    -2.25E-02    -4.83E-02    -5.37E-03    1.33E-02    -0.1981    -2.81E-02    -0.2603    1    0.11
0.1871    0.6032    0.6054    1.31E-02    9.28E-02    0.1155    0.3965    -0.436    0.11    1
