dummy
2.63E-03    4.87E-04    7.40E-04    4.04E-03    -1.30E-04    3.02E-04    1.34E-03    3.51E-03    -1.83E-03    3.21E-03
4.87E-04    1.92E-03    1.30E-03    -1.83E-03    4.92E-04    3.98E-04    1.81E-03    -4.20E-03    -7.81E-04    8.85E-03
7.40E-04    1.30E-03    2.24E-03    3.59E-03    5.48E-05    1.60E-04    2.09E-03    4.02E-03    -1.82E-03    9.60E-03
4.04E-03    -1.83E-03    3.59E-03    0.7185    -4.06E-02    3.60E-03    1.55E-02    -0.1375    -3.61E-03    3.71E-03
-1.30E-04    4.92E-04    5.48E-05    -4.06E-02    4.59E-03    -1.04E-04    -4.38E-04    6.84E-04    7.15E-04    2.10E-03
3.02E-04    3.98E-04    1.60E-04    3.60E-03    -1.04E-04    3.06E-03    1.19E-03    -1.03E-02    -8.71E-03    2.14E-03
1.34E-03    1.81E-03    2.09E-03    1.55E-02    -4.38E-04    1.19E-03    5.03E-03    -2.83E-02    -1.58E-03    9.42E-03
3.51E-03    -4.20E-03    4.02E-03    -0.1375    6.84E-04    -1.03E-02    -2.83E-02    3.064    -0.3619    -0.2557
-1.83E-03    -7.81E-04    -1.82E-03    -3.61E-03    7.15E-04    -8.71E-03    -1.58E-03    -0.3619    0.6306    2.93E-02
3.21E-03    8.85E-03    9.60E-03    3.71E-03    2.10E-03    2.14E-03    9.42E-03    -0.2557    2.93E-02    0.1122
